1.230807 -2527.590966
1.798529 -2523.463847
3.175877 -2520.652885
5.183008 -2517.726800
7.855145 -2513.036645
12.138595 -2504.746735
15.112043 -2504.528614
18.440292 -2498.208552
19.967553 -2498.208469
21.572621 -2498.208388
23.908574 -2497.840735
25.936147 -2496.993350
27.802912 -2496.993281
29.768260 -2496.993214
33.854181 -2496.268841
36.293043 -2496.264198
38.257300 -2496.264197
40.361027 -2496.264195
43.443509 -2493.844011
45.835186 -2493.844010
48.014271 -2493.844009
50.528321 -2493.624811
53.126575 -2493.624810
55.093789 -2493.624809
57.400698 -2492.855153
60.154001 -2492.855153
62.096514 -2492.855152
64.276143 -2492.855151
67.116419 -2492.855151
